026726920
026361000
026362163
026386925
026392356
026397765
026399458
026402696
026405733
026408503
026445158
026551586
026555425
026562154
026564122
026612119
026623153
027214532
027214737
027214885
027215024
027215148
027259056
027303160
027309509
027338290
027348687
027356523
027613984
027688259
027904512
028031407
028676491
028718992
028867378
028879406
028925440
029016169
029113539
029359139
029977525
030007135
030720737
030958296
031557104
031829368
031837700
032028636
032486324
032517785
032718837
032725965
033381186
050154788
050705253
060763477
061500666
066969816
067079504
070529469
074146653
074643762
075237601
077337387
078532817
078607973
078613809
078617871
078618673
078618746
078618932
078619378
078974275
078974720
079460798
079490913
080491863
080491979
080493165
080493556
080493696
080494617
080494757
080495591
080539769
080539785
080564054
080667929
080667937
080715176
080808948
080853269
080853277
080853420
080853641
082303878
082676917
084271167
084287195
084289368
085676683
086263749
086265458
087453223
088521664
095208593
126776466
130156523
131024027
138736421
147297028
148937330
148938809
151777586
153425792
156252465
156479087
156479354
156598124
157249301
157292622
157332225
157334031
157466302
157466337
157466426
158680316
158966538
158966562
160133629
160134897
163760322
169329518
170149072
172222559
172225108
172225272
181229579
181230488
191651044
194129195
194129519
194129934
196915937
224790218
225594188
227242106
02639507X
02643413X
02650135X
02721561X
02864199X
03205064X
03212645X
03282808X
03361122X
03508507X
05967377X
07860639X
09515440X
15625249X
16013188X
19712237X
027226794
027230317
027235408
027235947
027238687
027244520
027246426
027249530
027250342
027250679
027251411
027251462
027252051
02726145X
027262987
027294595
027309444
02731331X
02733192X
027343847
027349780
027350843
027366243
027375463
027377849
027407969
027428095
027434729
027486745
027487180
02749358X
027506959
027507548
027523942
027528073
02752809X
027552268
027576043
027579808
027603040
02763857X
027712966
027787885
027812723
028525671
028635124
029089255
029199174
029556961
029662753
029711800
029805287
029886996
031086586
031415687
031433480
032502826
032884826
032984057
033136068
033533709
035211326
035747161
050169602
050425935
07002409X
072312548
073385115
073753629
076131378
078608619
078614910
078616115
080489591
124144039
129713759
134426282
140609040
159210593
159323215
185089992
190064951
22221905X
223806994
026360608
026378329
02639507X
026401606
027218856
027224406
027252515
027401766
027418537
027427536
028045564
030398703
098627236
124748740
15000964X
156896079
027230422
027243001
027245128
027250407
027250660
02725089X
027251772
027252418
027255077
027263614
027263827
027263835
02726453X
027277372
027285049
027298728
027318818
02733726X
027358828
027370143
02737369X
027375293
027377261
027401480
027406601
027418308
027419053
02742751X
027449165
027450325
027463443
027472906
027490491
027494438
027521923
027548015
027568598
027569780
027569950
027595927
027603016
027603865
027617424
027617475
027622525
027640337
02771764X
027771350
028139798
028238605
029786797
029943876
066838436
068949952
08696903X
11729229X
120924927
130674966
151786771
153092815
165410272
181415003
197364012
201593386
230210880
027269604
027271366
027272141
027272524
027272648
027272745
027272958
027273229
027273377
027273792
027273806
027273881
027281647
027285251
027285898
027285928
02728638X
027287068
027287386
02731202X
027396797
027405176
027509753
027561240
028147685
02850223X
028569547
02863506X
028991141
029946913
030032520
030106192
03047065X
030549280
030838800
030911516
030951763
031129439
031145701
031451241
032614004
032821301
033141142
033161771
033314438
033545561
033799172
03412988X
034563504
034759220
034798609
03487478X
035144246
035520574
035520582
035587660
050228757
050349597
052211304
052564657
05260571X
053503686
055323405
055766439
060605200
061424749
066863406
066912075
068917708
06929027X
069913218
078054885
07909712X
079098479
079494285
080757677
081258798
081711611
082349983
084670002
085649732
085669652
086320866
086451200
086451456
086451669
086454358
086926985
088552314
091982960
094946345
109570677
112273564
112274412
115456570
11643144X
121852741
124353649
124625282
132158914
134350871
135574498
145651053
148757383
156043947
162803303
168644401
170007111
177183063
177187190
177192046
177320516
177320885
177320982
17732113X
177321679
177524871
178117021
178117188
178202452
178362247
178386162
178474835
178674346
179043404
180112112
180112767
180319493
180319663
180443909
180444085
180646656
181086875
181384868
181866862
182873013
183082257
183377575
183710509
183866517
18386879X
194050416
194644162
200234226
231718101
026654989
026656310
026670488
026685248
026687836
026689073
026694816
026708426
026757613
026773384
026782723
026811324
026859297
026866552
026868814
026870290
026884410
026892502
026893061
026936526
026943611
026946491
026957280
026983230
026995255
027001830
027008614
027016854
027028828
027032817
027043983
027055752
027059456
027064581
027082512
027089215
027102688
027113310
027123227
027136086
027151786
027153347
027164918
027178447
027180387
027192334
027203786
027208362
027209040
027324664
027324885
027328848
027369293
027385116
027405168
027405222
027500845
027543218
027593118
028019369
028048903
028098552
028104773
028128079
028147669
028188012
028254724
028293053
028316355
028320433
028539397
028603168
028607090
028633342
028635345
028710355
028732642
028804899
028811968
028826647
028871294
028887670
028887719
028909518
028963563
028996755
029088720
029185750
029305144
029444179
029444233
029445590
029457076
029496462
029553652
029652383
029831954
030124417
030317444
030449189
030588529
030666953
030767660
031494544
031708579
031721311
031880568
031885489
032208243
032371233
032429436
032604645
033130825
033538530
033575258
033662827
033830622
034197427
034724761
035006676
035034890
035190272
035421002
050222937
058476547
058661492
058991611
059256559
059919639
060590920
060721782
060835532
060839228
061404691
061792179
066510244
071036032
071342966
072398477
073913073
073993395
074016350
076004961
076006778
077441125
077445252
077720512
077720849
077720857
077721896
078047285
078052653
078062322
078077079
078077117
078091063
078194318
078532183
078532809
078617065
078617073
078617731
078617936
078618126
078619351
078619394
078619610
078619688
078770947
078974348
078996376
079000037
079180701
079206247
079206298
079207200
079460534
079460704
079833799
079964060
080007090
080012477
080020267
080083501
080217834
080492452
080493076
080493327
080493351
080493718
080493734
080493742
080493750
080493769
080493777
080493785
080493793
080494129
080494943
080494951
080494978
080495400
080539173
080564151
080667538
080668437
080733778
080757375
080757774
080783112
080785522
080785735
080808999
080826989
080852351
081018134
081222742
081222750
081222777
081260458
081261020
081849249
082303932
082303983
082304718
082333297
082334722
082686262
083049339
083209441
083488227
083974776
084053623
084271450
084271922
084272325
084289902
085102318
085647624
085648736
085648833
085649228
085649910
085676675
085796662
086950029
086950452
087451824
087453215
087678853
087885670
089893913
094538387
097716340
103781196
103781447
104551836
110513819
112234364
112613101
115001093
115995919
120753812
121941094
129778303
136490573
136490638
140809228
143409662
143475088
144232197
144421550
149489633
153428422
153471239
156252430
156324229
156456141
156479346
156479362
156598116
156598132
156598140
156624923
156625342
156754630
156838893
156839288
156843498
156955121
157249263
157337286
157466299
157466329
157466434
157466442
158167570
158431332
158680324
158680332
158680340
158680375
158966503
158966554
158966570
158966643
158966791
161101550
161530591
161595480
161777481
163250170
164277749
164605770
165547960
168728877
169593762
174332793
174366744
174973799
175711844
178555762
178839949
181070456
181698811
182273660
184092590
185626599
185951457
186422008
194281108
197531938
204225426
225535041
225573288
225657015
225792591
225829983
225857022
227487788
228960681
229633188
230859399
231138164
233520821
234340142
02670305X
02672314X
02674404X
02674869X
02680445X
02687699X
02691946X
02693583X
02700483X
02712200X
02716490X
02727263X
02737470X
02793151X
02844955X
02882668X
03376879X
03463620X
05859194X
05991551X
07046037X
07744163X
07853190X
07877098X
07897433X
07897450X
07946078X
08049496X
08053919X
08085284X
08230467X
08300565X
08614586X
08692835X
09561804X
10106621X
11568588X
14380796X
14823691X
15200419X
16162040X